% bach.annamin
 0.000  2.608 -  0  1  7  7
 2.608  3.913 -  5  4  7  0
 3.913  5.217 -  0  1  7  7
 5.217  6.521 - 11  7  7  6
 6.521  7.826 -  0  1  7  7
 7.826  8.260 -  7  5  7  2
 8.260  9.130 -  0  1  7  7
 9.130 10.434 -  7  5  7  2
10.434 13.043 -  0  1  7  7
13.043 14.347 -  5  4  7  0
14.347 15.652 -  0  1  7  7
15.652 16.956 - 11  7  7  6
16.956 18.260 -  0  1  7  7
18.260 18.695 -  2  2  7  9
18.695 19.565 -  7  5  7  2
19.565 20.869 -  0  1  7  7
---
% bach.jesu
17.499 18.333 -  2  2  5  7
18.333 19.166 -  7  5  5  0
19.166 19.999 -  0  1  5  5
19.999 20.833 -  5  4  5 10
20.833 21.666 -  2  2  5  7
21.666 23.333 -  7  5  5  0
23.333 24.999 -  0  1  5  5
24.999 25.833 -  5  4  5 10
25.833 26.666 -  0  1  5  5
---
24.999 25.833 -  0  1 10 10
25.833 26.666 -  7  5 10  5
26.666 28.333 -  0  1 10 10
28.333 29.166 -  5  4 10  3
29.166 29.999 -  9  6 10  7
29.999 30.833 -  2  2 10  0
30.833 31.666 -  7  5 10  5
31.666 33.333 -  0  1 10 10
33.333 34.166 -  7  5 10  5
34.166 34.999 -  9  6 10  7
34.999 35.833 -  7  5 10  5
35.833 36.666 -  0  1 10 10
36.666 37.499 -  4  3 10  2
---
% bach.kindlein
 0.000  1.667 -  0  1  7  7
 1.667  2.500 -  7  5  7  2
 2.500  3.334 -  0  1  7  7
 3.334  4.167 -  5  4  7  0
---
 3.334  4.167 -  0  1  0  0
 4.167  5.000 -  5  4  0  5
 5.000  5.834 -  7  5  0  7
 5.834  6.667 -  0  1  0  0
 6.667  7.500 -  7  5  0  7
---
 6.667  7.500 -  0  1  7  7
 7.500  8.334 -  7  5  7  2
 8.334  9.167 -  9  6  7  4
 9.167 10.834 -  5  4  7  0
10.834 12.500 -  0  1  7  7
12.500 14.167 -  7  5  7  2
14.167 17.500 -  0  1  7  7
17.500 18.334 -  7  5  7  2
18.334 19.167 -  4  3  7 11
19.167 20.000 -  9  6  7  4
---
19.167 20.000 -  2  2  2  4
20.000 20.834 -  7  5  2  9
20.834 21.667 -  0  1  2  2
21.667 22.500 - 11  7  2  1
22.500 23.334 -  0  1  2  2
23.334 24.167 -  9  6  2 11
24.167 25.000 -  2  2  2  4
---
24.167 25.000 -  9  6  7  4
25.000 25.834 -  5  4  7  0
25.834 26.667 -  0  1  7  7
26.667 28.334 -  9  6  7  4
28.334 29.167 -  0  1  7  7
29.167 30.834 -  7  5  7  2
30.834 33.334 -  0  1  7  7
---
% beet.rondo
 0.000  3.692 -  0  1  0  0
 3.692  4.615 -  7  5  0  7
 4.615  5.538 - 11  7  0 11
 5.538  6.461 -  0  1  0  0
 6.461  7.384 -  8  6  0  8
---
 6.461  7.384 -  9  6 11  8
 7.384  8.307 -  2  2 11  1
 8.307  9.230 -  9  6 11  8
 9.230 10.153 -  2  2 11  1
10.153 11.076 -  9  6 11  8
11.076 11.999 -  2  2 11  1
11.999 12.923 -  9  6 11  8
12.923 13.846 -  2  2 11  1
13.846 14.769 -  9  6 11  8
14.769 15.692 -  2  2 11  1
15.692 16.615 -  9  6 11  8
16.615 17.538 -  2  2 11  1
17.538 18.461 -  6  4 11  5
---
17.538 18.461 -  5  4  0  5
18.461 19.384 - 11  7  0 11
19.384 20.307 -  0  1  0  0
20.307 21.230 -  2  2  0  2
21.230 22.153 -  0  1  0  0
22.153 23.076 -  5  4  0  5
23.076 23.999 -  6  4  0  6
23.999 25.384 -  0  1  0  0
25.384 25.615 -  2  2  0  2
25.615 25.846 -  6  4  0  6
25.846 26.769 -  0  1  0  0
26.769 27.692 -  7  5  0  7
27.692 29.076 -  0  1  0  0
29.076 29.307 -  2  2  0  2
29.307 30.461 -  6  4  0  6
30.461 31.384 -  7  5  0  7
31.384 31.846 -  0  1  0  0
---
% beet.son10-1.II
 0.000  1.500 -  0  1  8  8
 1.500  3.000 -  7  5  8  3
 3.000  6.000 -  0  1  8  8
 6.000  7.500 -  7  5  8  3
 7.500  9.000 -  0  1  8  8
 9.000 12.000 -  7  5  8  3
12.000 15.000 -  0  1  8  8
15.000 19.500 -  5  4  8  1
19.500 20.250 -  7  5  8  3
20.250 21.000 -  0  1  8  8
21.000 23.250 -  7  5  8  3
---
% beet.son10-3.II
11.999 13.333 -  2  2  0  2
13.333 13.999 -  6  4  0  6
13.999 15.999 -  7  5  0  7
15.999 17.999 -  0  1  0  0
17.999 19.999 -  2  2  0  2
19.999 23.999 -  7  5  0  7
23.999 24.666 -  0  1  0  0
24.666 25.999 -  9  6  0  9
25.999 27.999 -  2  2  0  2
27.999 31.999 -  7  5  0  7
31.999 33.333 -  0  1  0  0
---
% beet.son13.II
 0.000  2.400 -  0  1  8  8
 2.400  4.800 -  7  5  8  3
 4.800  7.199 -  0  1  8  8
 7.199  9.600 -  7  5  8  3
 9.600 10.800 -  0  1  8  8
10.800 12.000 -  7  5  8  3
12.000 13.199 -  9  6  8  5
13.199 14.399 -  2  2  8 10
14.399 19.200 -  7  5  8  3
19.200 21.600 - 11  7  8  7
21.600 23.700 -  7  5  8  3
23.700 26.399 -  0  1  8  8
26.399 28.799 -  9  6  8  5
28.799 31.200 -  2  2  8 10
31.200 33.599 -  7  5  8  3
33.599 37.200 -  0  1  8  8
---
% beet.son27-2.I
34.666 37.333 -  2  2  4  6
37.333 42.666 -  7  5  4 11
42.666 47.999 -  0  1  4  4
---
% beet.sq135.III
 0.000  9.375 -  0  1  1  1
 9.375 11.250 -  7  5  1  8
11.250 13.125 -  0  1  1  1
13.125 15.000 -  7  5  1  8
15.000 16.875 -  0  1  1  1
16.875 18.750 -  7  5  1  8
18.750 20.625 -  0  1  1  1
20.625 21.875 -  7  5  1  8
21.875 22.500 -  2  2  1  3
22.500 24.375 -  4  3  1  5
24.375 28.125 -  9  6  1 10
28.125 30.000 -  2  2  1  3
30.000 31.875 -  7  5  1  8
31.875 33.750 -  0  1  1  1
33.750 35.625 -  7  5  1  8
35.625 37.500 -  0  1  1  1
---
% beet.strio
 0.000  1.666 -  0  1  0  0
 1.666  3.333 -  9  6  0  9
 3.333  4.166 -  2  2  0  2
 4.166  5.000 -  9  6  0  9
 5.000  6.666 -  2  2  0  2
 6.666 10.000 -  7  5  0  7
10.000 10.833 -  0  1  0  0
10.833 11.666 -  7  5  0  7
11.666 13.333 -  0  1  0  0
13.333 16.666 -  9  6  0  9
16.666 18.333 -  4  3  0  4
18.333 22.500 -  9  6  0  9
22.500 23.333 -  2  2  0  2
23.333 24.166 -  7  5  0  7
24.166 25.000 -  2  2  0  2
25.000 26.666 -  7  5  0  7
26.666 30.000 -  0  1  0  0
30.000 33.333 -  3  3  0  3
33.333 34.791 -  8  6  0  8
34.791 36.666 - -1 -1  0 -1
36.666 40.000 -  7  5  0  7
40.000 41.666 -  0  1  0  0
41.666 43.333 -  9  6  0  9
43.333 44.166 -  2  2  0  2
44.166 45.000 -  9  6  0  9
45.000 46.666 -  2  2  0  2
46.666 50.000 -  7  5  0  7
50.000 50.833 -  0  1  0  0
50.833 51.666 -  7  5  0  7
51.666 53.333 -  0  1  0  0
53.333 56.666 -  2  2  0  2
56.666 57.500 -  7  5  0  7
57.500 58.333 -  8  6  0  8
58.333 60.000 -  9  6  0  9
60.000 63.125 -  2  2  0  2
63.125 65.000 -  7  5  0  7
65.000 65.833 -  0  1  0  0
---
% brahms.undgehst
 0.000  2.885 -  0  1  4  4
 2.885  4.039 -  9  6  4  1
 4.039  5.770 -  5  4  4  9
 5.770  7.500 -  7  5  4 11
 7.500  8.654 -  0  1  4  4
 8.654  9.231 -  5  4  4  9
 9.231 10.385 -  7  5  4 11
10.385 10.962 -  8  6  4  0
10.962 12.116 -  9  6  4  1
12.116 12.693 -  6  4  4 10
12.693 14.423 -  7  5  4 11
14.423 15.577 -  0  1  4  4
---
% campbell.barb
 0.000  0.666 -  0  1  8  8
 0.666  1.333 -  7  5  8  3
 1.333  2.000 -  0  1  8  8
 2.000  2.666 - -1 -1  8 -1
 2.666  3.333 -  0  1  8  8
 3.333  4.666 -  9  6  8  5
 4.666  5.333 -  2  2  8 10
 5.333  6.000 -  8  6  8  4
 6.000  6.666 -  2  2  8 10
 6.666  7.333 -  8  6  8  4
 7.333  8.000 -  2  2  8 10
 8.000  8.666 -  7  5  8  3
 8.666  9.333 -  4  3  8  0
 9.333 12.666 -  7  5  8  3
12.666 13.333 -  2  2  8 10
13.333 14.000 -  7  5  8  3
14.000 14.666 -  0  1  8  8
14.666 15.333 -  7  5  8  3
15.333 16.000 -  0  1  8  8
16.000 16.666 -  7  5  8  3
16.666 17.333 -  0  1  8  8
17.333 18.000 - 11  7  8  7
18.000 18.666 -  8  6  8  4
18.666 19.333 -  0  1  8  8
19.333 20.000 -  7  5  8  3
20.000 20.666 -  0  1  8  8
20.666 24.000 - -1 -1  8 -1
---
% chop.noc27-1
 4.500  6.000 -  2  2  4  6
 6.000  7.500 -  6  4  4 10
 7.500 10.500 -  7  5  4 11
10.500 12.000 -  0  1  4  4
---
11.500 12.000 -  8  6  8  4
12.000 16.500 -  7  5  8  3
16.500 18.000 -  0  1  8  8
---
% haydn.son22.III
 0.000  1.111 -  0  1  4  4
 1.111  1.666 -  7  5  4 11
 1.666  3.333 -  0  1  4  4
 3.333  4.444 -  5  4  4  9
 4.444  5.000 -  0  1  4  4
 5.000  5.555 -  2  2  4  6
 5.555  6.111 -  7  5  4 11
 6.111  7.777 -  0  1  4  4
---
 6.666  7.777 -  5  4 11  4
 7.777  8.333 -  0  1 11 11
 8.333  8.888 -  2  2 11  1
 8.888  9.444 - 11  7 11 10
 9.444 10.000 -  0  1 11 11
10.000 10.555 -  2  2 11  1
10.555 11.666 -  7  5 11  6
11.666 13.333 -  0  1 11 11
---
% haydn.sq20-4.I
 0.000  2.400 -  0  1  2  2
 2.400  3.599 -  7  5  2  9
 3.599  4.000 -  0  1  2  2
 4.000  4.400 - 11  7  2  1
 4.400  7.199 -  0  1  2  2
 7.199  9.600 -  2  2  2  4
 9.600 10.399 -  7  5  2  9
10.399 10.800 -  0  1  2  2
10.800 12.000 -  2  2  2  4
12.000 13.199 -  7  5  2  9
13.199 13.600 -  9  6  2 11
---
% haydn.sq50-6.II
 0.750  2.812 -  0  1  2  2
 2.812  5.250 -  7  5  2  9
 5.250  7.312 -  0  1  2  2
 7.312  9.562 -  7  5  2  9
 9.562 11.812 -  0  1  2  2
11.812 14.062 -  5  4  2  7
14.062 16.312 -  7  5  2  9
16.312 18.750 -  5  4  2  7
18.750 21.000 -  4  3  2  6
21.000 23.250 -  2  2  2  4
23.250 25.500 - 11  7  2  1
25.500 29.812 -  0  1  2  2
29.812 31.312 -  5  4  2  7
31.312 32.062 -  2  2  2  4
32.062 36.562 -  7  5  2  9
36.562 38.250 -  0  1  2  2
---
% haydn.sq74-3.II
 0.000  2.400 -  0  1  0  0
 2.400  4.800 -  9  6  0  9
 4.800  7.199 -  2  2  0  2
 7.199  9.600 -  7  5  0  7
 9.600 10.800 -  0  1  0  0
10.800 11.399 -  9  6  0  9
% haydn.sq76-6.II
 0.000  0.833 -  0  1 10 10
 0.833  1.666 -  7  5 10  5
 1.666  2.499 -  0  1 10 10
 2.499  4.166 -  7  5 10  5
 4.166  4.999 -  0  1 10 10
 4.999  5.833 -  5  4 10  3
 5.833  7.499 -  2  2 10  0
 7.499  9.999 -  7  5 10  5
 9.999 10.833 -  0  1 10 10
10.833 11.666 -  7  5 10  5
11.666 12.499 -  0  1 10 10
12.499 14.999 -  1  2 10 11
---
12.499 14.999 -  0  1 11 11
14.999 16.666 -  2  2 11  1
16.666 17.499 - 11  7 11 10
17.499 19.999 -  7  5 11  6
19.999 20.833 -  0  1 11 11
---
% mzt.bsnconc
 0.000  1.000 -  0  1  5  5
 1.000  2.000 -  2  2  5  7
 2.000  4.000 -  7  5  5  0
 4.000  5.000 -  0  1  5  5
 5.000  6.000 -  2  2  5  7
 6.000  8.000 -  7  5  5  0
 8.000 10.000 -  0  1  5  5
10.000 11.000 -  5  4  5 10
11.000 12.000 -  2  2  5  7
12.000 13.875 -  7  5  5  0
13.875 16.000 -  0  1  5  5
16.000 18.000 -  5  4  5 10
18.000 22.000 -  7  5  5  0
22.000 23.000 -  0  1  5  5
23.000 24.000 -  5  4  5 10
24.000 25.000 -  0  1  5  5
25.000 26.000 -  5  4  5 10
26.000 30.000 -  7  5  5  0
30.000 31.500 -  0  1  5  5
---
% mzt.ekn.II
 0.000  4.444 -  0  1  0  0
 4.444  6.666 - 11  7  0 11
 6.666  8.889 -  0  1  0  0
 8.889 12.222 -  5  4  0  5
12.222 13.333 -  0  1  0  0
13.333 14.444 - 11  7  0 11
14.444 15.555 -  0  1  0  0
15.555 17.777 -  7  5  0  7
17.777 22.222 -  0  1  0  0
22.222 24.444 - 11  7  0 11
24.444 28.889 -  0  1  0  0
28.889 31.111 -  2  2  0  2
31.111 33.333 -  7  5  0  7
33.333 34.444 -  0  1  0  0
---
% mzt.son330.II
 7.875 10.125 -  9  6  8  5
10.125 12.375 -  5  4  8  1
12.375 14.625 -  7  5  8  3
14.625 15.000 -  0  1  8  8
15.000 15.375 -  2  2  8 10
15.375 16.875 -  7  5  8  3
16.875 18.000 -  0  1  8  8
---
% mzt.son333.III
 6.000  7.500 -  0  1 10 10
 7.500  9.000 - 11  7 10  9
 9.000  9.375 -  0  1 10 10
 9.375  9.750 -  7  5 10  5
 9.750 10.125 -  0  1 10 10
10.125 10.500 - 11  7 10  9
10.500 10.875 -  0  1 10 10
10.875 11.250 -  7  5 10  5
11.250 11.625 -  0  1 10 10
---
% mzt.trio.I
 0.000  4.090 -  0  1  4  4
 4.090  5.454 -  5  4  4  9
 5.454  6.363 -  0  1  4  4
 6.363  6.818 -  7  5  4 11
 6.818  8.181 -  8  6  4  0
---
 6.818  8.181 -  0  1  0  0
 8.181  9.545 -  2  2  0  2
 9.545 10.909 -  0  1  0  0
10.909 12.272 -  7  5  0  7
12.272 13.636 -  0  1  0  0
13.636 14.999 -  2  2  0  2
14.999 16.363 -  0  1  0  0
16.363 17.727 -  8  6  0  8
17.727 19.090 -  9  6  0  9
---
17.727 19.090 -  5  4  4  9
19.090 20.454 -  6  4  4 10
20.454 24.545 -  0  1  4  4
24.545 25.909 -  7  5  4 11
25.909 26.363 -  0  1  4  4
---
% mzt.voiche
 0.000  1.818 -  0  1  8  8
 1.818  3.636 -  2  2  8 10
 3.636  5.454 -  7  5  8  3
 5.454  9.090 -  0  1  8  8
---
% schub.bfson.I
 0.000  4.500 -  0  1 11 11
 4.500  6.000 -  7  5 11  6
 6.000  6.500 -  0  1 11 11
 6.500  8.000 -  7  5 11  6
 8.000 10.000 -  0  1 11 11
10.000 11.500 -  1  2 11  0
---
12.000 16.500 -  9  6  1 10
16.500 17.500 -  6  4  1  7
17.500 18.000 -  7  5  1  8
18.000 24.000 -  0  1  1  1
24.000 26.000 -  2  2  1  3
26.000 28.000 -  7  5  1  8
28.000 32.000 -  0  1  1  1
32.000 34.000 - 11  7  1  0
---
32.000 34.000 -  8  6  4  0
34.000 36.000 -  7  5  4 11
36.000 40.000 -  0  1  4  4
---
% schub.imp1
 0.000  2.586 -  0  1  8  8
 2.586  3.104 -  5  4  8  1
 3.104  3.621 - 11  7  8  7
 3.621  4.655 -  0  1  8  8
 4.655  5.690 -  7  5  8  3
 5.690  6.724 -  0  1  8  8
 6.724  7.242 -  2  2  8 10
 7.242  7.759 -  5  4  8  1
 7.759  8.793 -  7  5  8  3
 8.793 12.931 -  0  1  8  8
12.931 13.448 -  5  4  8  1
13.448 13.966 -  2  2  8 10
---
12.931 13.448 -  2  2 11  1
13.448 13.966 - 11  7 11 10
13.966 15.000 -  0  1 11 11
15.000 15.517 -  2  2 11  1
15.517 16.035 -  7  5 11  6
16.035 16.552 -  0  1 11 11
16.552 17.069 -  4  3 11  3
17.069 18.104 -  5  4 11  4
18.104 19.138 -  7  5 11  6
19.138 22.242 -  0  1 11 11
22.242 24.311 -  4  3 11  3
24.311 24.828 -  9  6 11  8
24.828 25.345 - 11  7 11 10
---
21.207 22.242 -  3  3  8 11
22.242 24.311 -  7  5  8  3
24.311 24.828 -  0  1  8  8
24.828 25.345 -  2  2  8 10
25.345 27.414 -  7  5  8  3
27.414 28.448 -  0  1  8  8
---
% schub.strio
 0.000  0.833 - 11  7 10  9
 0.833  1.875 -  0  1 10 10
 1.875  2.500 - 11  7 10  9
 2.500  3.541 -  0  1 10 10
 3.541  4.166 - 11  7 10  9
 4.166  4.583 -  0  1 10 10
 4.583  5.000 -  1  2 10 11
 5.000  5.416 -  2  2 10  0
 5.416  5.833 -  4  3 10  2
 5.833  6.250 -  5  4 10  3
 6.250  6.666 -  1  2 10 11
 6.666  7.083 -  2  2 10  0
 7.083  7.500 -  4  3 10  2
 7.500  7.916 -  5  4 10  3
 7.916  8.541 -  4  3 10  2
 8.541  8.750 -  5  4 10  3
 8.750 10.833 -  4  3 10  2
10.833 12.083 -  5  4 10  3
12.083 12.500 -  6  4 10  4
12.500 14.166 -  7  5 10  5
14.166 15.833 -  0  1 10 10
15.833 17.500 - -1 -1 10 -1
17.500 19.166 -  0  1 10 10
19.166 20.833 - -1 -1 10 -1
20.833 23.333 -  0  1 10 10
---
% schub.tanze
 0.303  2.121 -  0  1  1  1
 2.121  3.939 -  7  5  1  8
 3.939  5.757 -  0  1  1  1
 5.757  6.666 -  2  2  1  3
 6.666  7.575 -  7  5  1  8
 7.575  9.393 -  0  1  1  1
 9.393 11.212 -  7  5  1  8
11.212 12.121 -  0  1  1  1
12.121 13.030 -  8  6  1  9
---
12.121 13.030 -  0  1  9  9
13.030 13.939 -  7  5  9  4
13.939 14.848 -  0  1  9  9
14.848 16.666 -  5  4  9  2
16.666 19.393 -  0  1  9  9
---
18.484 19.393 -  8  6  1  9
19.393 21.212 -  7  5  1  8
21.212 21.515 -  0  1  1  1
---
% schum.grenadiere
 7.500  9.167 -  9  6 10  7
 9.167 10.834 - -1 -1 10 -1
10.834 11.667 -  7  5 10  5
11.667 15.834 -  0  1 10 10
15.834 17.500 - -1 -1 10 -1
17.500 19.167 -  7  5 10  5
---
19.167 22.500 -  9  6  8  5
22.500 24.167 - -1 -1  8 -1
24.167 25.834 -  7  5  8  3
25.834 29.167 -  0  1  8  8
29.167 30.834 - -1 -1  8 -1
30.834 32.500 -  7  5  8  3
---
% schum.sehnsucht
 7.166  8.166 -  9  6  5  2
 8.166  9.166 -  2  2  5  7
 9.166 10.166 -  7  5  5  0
10.166 11.166 -  0  1  5  5
11.166 12.166 -  7  5  5  0
12.166 13.166 -  2  2  5  7
13.166 14.166 -  7  5  5  0
14.166 15.166 -  2  2  5  7
15.166 16.166 -  7  5  5  0
16.166 17.166 -  0  1  5  5
---
16.166 17.166 -  4  3  1  5
17.166 18.166 -  2  2  1  3
18.166 19.166 -  7  5  1  8
19.166 19.666 -  0  1  1  1
---
% schum.thranen.
 0.000  2.250 -  0  1  9  9
 2.250  3.000 -  9  6  9  6
 3.000  3.750 -  0  1  9  9
 3.750  5.250 -  5  4  9  2
 5.250  6.750 -  0  1  9  9
 6.750  8.250 -  7  5  9  4
 8.250  9.750 -  0  1  9  9
 9.750 11.250 -  7  5  9  4
11.250 14.250 -  0  1  9  9
14.250 15.000 -  9  6  9  6
15.000 15.750 -  0  1  9  9
15.750 17.250 -  5  4  9  2
17.250 18.750 -  0  1  9  9
18.750 20.250 -  7  5  9  4
20.250 21.750 -  0  1  9  9
21.750 23.250 -  7  5  9  4
23.250 24.000 -  0  1  9  9
24.000 27.750 -  7  5  9  4
27.750 30.750 -  9  6  9  6
30.750 32.250 -  2  2  9 11
32.250 33.750 - 11  7  9  8
33.750 34.875 -  4  3  9  1
34.875 35.250 - 11  7  9  8
35.250 36.000 -  4  3  9  1
36.000 39.750 -  0  1  9  9
39.750 41.250 -  5  4  9  2
41.250 42.750 -  0  1  9  9
42.750 44.250 -  7  5  9  4
44.250 45.750 -  0  1  9  9
45.750 48.750 -  7  5  9  4
48.750 50.250 -  0  1  9  9
---
% schum.tragodie
 0.000  3.599 -  0  1  4  4
 3.599  4.800 -  9  6  4  1
 4.800  7.199 -  2  2  4  6
 7.199  9.600 -  7  5  4 11
 9.600 10.800 -  2  2  4  6
---
16.200 16.799 -  2  2 11  1
16.799 17.399 - -1 -1 11 -1
17.399 18.000 -  2  2 11  1
18.000 19.200 -  7  5 11  6
19.200 21.600 -  0  1 11 11
---
% schum.wennich
 0.000  6.388 -  0  1  7  7
 6.388  8.888 -  9  6  7  4
 8.888  9.999 -  2  2  7  9
 9.999 10.833 -  7  5  7  2
10.833 13.333 -  2  2  7  9
---
10.833 15.555 -  9  6  0  9
15.555 16.666 -  0  1  0  0
16.666 18.888 -  5  4  0  5
18.888 19.444 -  0  1  0  0
19.444 19.999 -  2  2  0  2
19.999 20.833 -  0  1  0  0
20.833 21.111 -  2  2  0  2
21.111 23.333 -  7  5  0  7
23.333 25.555 -  0  1  0  0
---
36.666 37.499 -  4  3  7 11
37.499 39.999 -  9  6  7  4
39.999 43.333 -  1  2  7  8
43.333 45.555 -  2  2  7  9
45.555 46.111 -  9  6  7  4
46.111 47.777 -  2  2  7  9
47.777 49.999 -  7  5  7  2
49.999 53.333 -  0  1  7  7
53.333 56.666 -  5  4  7  0
56.666 59.999 -  0  1  7  7
59.999 63.333 -  5  4  7  0
63.333 69.999 -  0  1  7  7
---
% tchaik.morning
 0.000  1.666 -  0  1  7  7
 1.666  1.999 -  7  5  7  2
 1.999  2.666 -  5  4  7  0
 2.666  3.999 -  0  1  7  7
 3.999  4.666 -  7  5  7  2
 4.666  5.333 -  9  6  7  4
 5.333  5.999 -  2  2  7  9
 5.999  7.999 -  4  3  7 11
 7.999  8.666 -  9  6  7  4
 8.666  9.999 -  2  2  7  9
 9.999 10.666 -  7  5  7  2
10.666 11.333 -  0  1  7  7
11.333 11.999 -  7  5  7  2
11.999 12.666 -  0  1  7  7
12.666 13.333 -  5  4  7  0
13.333 13.999 -  2  2  7  9
13.999 15.999 -  7  5  7  2
15.999 17.666 -  0  1  7  7
17.666 17.999 -  7  5  7  2
17.999 18.666 -  5  4  7  0
18.666 19.999 -  0  1  7  7
19.999 20.666 -  5  4  7  0
20.666 21.333 -  0  1  7  7
21.333 21.999 -  5  4  7  0
21.999 21.999 - 11  7  7  6
21.999 24.666 -  4  3  7 11
24.666 25.333 -  9  6  7  4
25.333 25.999 -  2  2  7  9
25.999 26.666 -  7  5  7  2
26.666 27.333 -  0  1  7  7
27.333 27.999 -  5  4  7  0
27.999 29.333 -  2  2  7  9
29.333 29.999 -  7  5  7  2
29.999 31.333 -  0  1  7  7
---
% tchaik.nurse
 0.000  0.250 -  0  1  0  0
 0.250  0.500 - -1 -1  0 -1
 0.500  0.750 -  7  5  0  7
 0.750  1.500 - -1 -1  0 -1
 1.500  1.750 -  7  5  0  7
 1.750  2.500 - -1 -1  0 -1
 2.500  2.750 -  7  5  0  7
 2.750  3.000 - -1 -1  0 -1
 3.000  3.250 -  7  5  0  7
 3.250  3.500 - -1 -1  0 -1
 3.500  3.750 -  7  5  0  7
 3.750  4.000 - -1 -1  0 -1
 4.000  4.250 -  7  5  0  7
 4.250  5.250 -  0  1  0  0
 5.250  6.250 -  9  6  0  9
 6.250  6.500 -  1  2  0  1
 6.500  6.750 -  2  2  0  2
 6.750  7.000 -  1  2  0  1
 7.000  7.250 -  2  2  0  2
 7.250  7.500 -  1  2  0  1
 7.500  7.750 -  2  2  0  2
 7.750  8.000 -  1  2  0  1
 8.000  8.500 -  2  2  0  2
 8.500 10.000 -  6  4  0  6
10.000 10.250 -  7  5  0  7
10.250 11.000 -  0  1  0  0
---
% tchaik.symph6
 1.364 10.455 -  0  1  2  2
10.455 12.273 - 11  7  2  1
12.273 14.091 -  0  1  2  2
14.091 15.909 -  1  2  2  3
15.909 17.728 -  2  2  2  4
17.728 19.546 - 11  7  2  1
19.546 21.364 -  0  1  2  2
21.364 23.182 -  6  4  2  8
23.182 26.818 -  7  5  2  9
26.818 28.637 -  0  1  2  2
---
