% bach.jesu
 0.000  0.416 -  0  1  7  7
 0.416  0.833 - 11  7  7  6
 0.833  1.666 -  0  1  7  7
 1.666  2.499 -  7  5  7  2
 2.499  3.333 -  0  1  7  7
 3.333  4.166 - 11  7  7  6
 4.166  4.999 -  0  1  7  7
 4.999  5.833 -  2  2  7  9
 5.833  6.666 -  7  5  7  2
 6.666  9.166 -  0  1  7  7
 9.166  9.999 -  8  6  7  3
 9.999 10.416 -  2  2  7  9
10.416 10.833 -  7  5  7  2
10.833 11.666 -  5  4  7  0
11.666 12.499 - 11  7  7  6
12.499 13.333 -  0  1  7  7
13.333 17.499 -  7  5  7  2
17.499 18.333 -  0  1  7  7
---
35.833 36.666 -  3  3  7 10
36.666 37.499 -  7  5  7  2
37.499 38.333 -  0  1  7  7
38.333 39.999 -  7  5  7  2
39.999 40.833 -  0  1  7  7
40.833 41.666 -  7  5  7  2
41.666 42.499 -  0  1  7  7
42.499 42.916 -  5  4  7  0
42.916 43.333 -  0  1  7  7
43.333 44.166 -  2  2  7  9
44.166 44.999 -  7  5  7  2
44.999 46.666 -  0  1  7  7
---
% beet.son10-3.II
 0.000  1.999 -  0  1  2  2
 1.999  3.999 -  7  5  2  9
 3.999  5.999 -  0  1  2  2
 5.999  7.999 -  7  5  2  9
 7.999  9.999 -  0  1  2  2
 9.999 11.999 -  7  5  2  9
11.999 13.333 -  0  1  2  2
---
% beet.son14-1.III
 0.000  1.125 -  5  4  4  9
 1.125  1.500 -  2  2  4  6
 1.500  3.000 -  7  5  4 11
 3.000  4.125 -  8  6  4  0
 4.125  4.500 -  4  3  4  8
 4.500  5.625 -  5  4  4  9
 5.625  6.000 -  2  2  4  6
 6.000  7.500 -  6  4  4 10
 7.500  9.000 -  7  5  4 11
 9.000 10.500 -  0  1  4  4
10.500 12.000 -  7  5  4 11
---
% beet.son2-3.III
 0.000  1.363 -  0  1  9  9
 1.363  2.727 -  7  5  9  4
 2.727  4.090 -  0  1  9  9
 4.090  5.454 -  7  5  9  4
 5.454  6.818 -  0  1  9  9
 6.818  8.181 -  2  2  9 11
 8.181  9.545 -  7  5  9  4
 9.545 10.909 -  0  1  9  9
---
% beet.son27-2.I
 0.000 10.666 -  0  1  1  1
10.666 13.333 -  8  6  1  9
13.333 15.999 -  1  2  1  2
15.999 17.333 -  7  5  1  8
17.333 18.666 -  0  1  1  1
18.666 21.333 -  7  5  1  8
21.333 26.666 -  0  1  1  1
26.666 31.999 -  7  5  1  8
31.999 34.666 -  0  1  1  1
34.666 37.333 -  5  4  1  6
---
% chop.maz63-2
 0.000  1.799 -  7  5  5  0
 1.799  3.599 -  0  1  5  5
 3.599  5.400 -  7  5  5  0
 5.400  7.199 -  0  1  5  5
 7.199  9.000 - 10  7  5  3
 9.000 10.800 -  3  3  5  8
10.800 12.600 -  1  2  5  6
12.600 16.200 -  7  5  5  0
16.200 18.000 -  0  1  5  5
18.000 19.799 -  7  5  5  0
19.799 21.600 -  0  1  5  5
21.600 23.399 -  2  2  5  7
23.399 27.000 -  7  5  5  0
27.000 28.200 -  0  1  5  5
28.200 28.799 -  8  6  5  1
---
% chop.maz67-2
 0.500  2.000 -  7  5  7  2
 2.000  3.000 -  0  1  7  7
 3.000  3.500 -  8  6  7  3
 3.500  5.000 - 10  7  7  5
 5.000  6.500 -  3  3  7 10
 6.500  8.000 -  7  5  7  2
 8.000  9.000 -  0  1  7  7
 9.000 10.000 -  5  4  7  0
10.000 10.500 -  0  1  7  7
10.500 11.500 -  5  4  7  0
11.500 12.000 -  0  1  7  7
12.000 12.500 -  5  4  7  0
12.500 14.000 -  7  5  7  2
14.000 15.000 -  0  1  7  7
15.000 15.500 -  8  6  7  3
15.500 17.000 - 10  7  7  5
17.000 18.500 -  3  3  7 10
18.500 20.000 -  7  5  7  2
20.000 21.000 -  0  1  7  7
21.000 21.500 -  5  4  7  0
21.500 23.000 -  7  5  7  2
23.000 24.500 -  0  1  7  7
---
% chop.noc27-1
 0.000  1.500 -  7  5  6  1
 1.500  3.000 -  0  1  6  6
 3.000  4.500 -  7  5  6  1
 4.500  6.000 -  0  1  6  6
 6.000  7.500 -  4  3  6 10
---
% grieg.mountain
 0.000  7.500 -  0  1  5  5
 7.500  9.000 -  5  4  5 10
 9.000 12.000 -  0  1  5  5
12.000 13.500 - 10  7  5  3
13.500 15.000 -  7  5  5  0
15.000 18.000 -  3  3  5  8
18.000 19.500 -  8  6  5  1
19.500 21.000 - -1 -1  5 -1
21.000 24.000 -  8  6  5  1
24.000 25.500 -  7  5  5  0
25.500 27.000 - -1 -1  5 -1
27.000 28.500 -  7  5  5  0
28.500 30.000 - -1 -1  5 -1
30.000 32.250 -  7  5  5  0
---
% haydn.son30.I
 0.000  1.000 -  7  5  6  1
 1.000  2.000 -  8  6  6  2
 2.000  3.000 -  5  4  6 11
 3.000  4.000 - 10  7  6  4
 4.000  5.000 -  3  3  6  9
 5.000  6.000 -  8  6  6  2
 6.000  7.000 -  2  2  6  8
 7.000  8.000 -  7  5  6  1
 8.000  9.000 -  0  1  6  6
 9.000 10.000 -  8  6  6  2
10.000 11.000 -  2  2  6  8
11.000 12.500 -  7  5  6  1
---
% haydn.sq74-3.II
 9.600 10.800 -  8  6  4  0
10.800 11.399 -  5  4  4  9
11.399 12.000 -  4  3  4  8
12.000 13.199 -  5  4  4  9
13.199 14.399 -  0  1  4  4
14.399 16.799 - -1 -1  4 -1
16.799 19.200 -  7  5  4 11
---
% mzt.pc488.II
 0.000  3.333 -  0  1  6  6
 3.333  3.888 -  5  4  6 11
 3.888  4.999 -  2  2  6  8
 4.999  6.666 -  7  5  6  1
 6.666  8.333 -  0  1  6  6
 8.333  9.999 -  2  2  6  8
 9.999 11.527 -  0  1  6  6
11.527 13.333 -  7  5  6  1
13.333 14.999 -  8  6  6  2
14.999 16.666 -  2  2  6  8
16.666 18.333 -  3  3  6  9
18.333 19.999 -  0  1  6  6
19.999 21.666 -  5  4  6 11
21.666 23.333 -  7  5  6  1
23.333 24.999 -  0  1  6  6
24.999 26.666 -  8  6  6  2
26.666 33.333 -  1  2  6  7
33.333 36.666 -  7  5  6  1
36.666 37.777 -  0  1  6  6
---
% mzt.son330.II
 0.000  2.250 -  0  1  5  5
 2.250  3.375 - 11  7  5  4
 3.375  5.625 -  0  1  5  5
 5.625  7.875 -  7  5  5  0
 7.875 10.125 -  0  1  5  5
10.125 12.375 -  8  6  5  1
---
% mzt.son333.III
 0.750  1.500 -  0  1  0  0
 1.500  3.000 - 11  7  0 11
 3.000  3.375 -  0  1  0  0
 3.375  3.750 -  7  5  0  7
 3.750  4.125 -  0  1  0  0
 4.125  4.500 - 11  7  0 11
 4.500  4.875 -  0  1  0  0
 4.875  5.250 -  7  5  0  7
 5.250  6.000 -  0  1  0  0
---
% mzt.voiche
 8.181  9.090 -  8  6  0  8
 9.090 10.909 -  0  1  0  0
10.909 12.727 -  6  4  0  6
12.727 14.545 -  7  5  0  7
14.545 15.454 -  0  1  0  0
---
14.545 15.454 -  5  4  7  0
15.454 15.909 -  0  1  7  7
15.909 16.363 - -1 -1  7 -1
16.363 17.272 -  7  5  7  2
17.272 18.181 -  8  6  7  3
18.181 19.090 -  2  2  7  9
19.090 20.000 -  7  5  7  2
20.000 20.909 -  0  1  7  7
---
% schub.bfson.I
10.000 11.500 -  2  2 10  0
11.500 12.000 -  7  5 10  5
12.000 16.500 -  0  1 10 10
16.500 17.500 -  9  6 10  7
---
% schub.erlkonig.I
 0.000  6.000 -  0  1  2  2
 6.000  7.500 -  1  2  2  3
 7.500  9.000 -  0  1  2  2
 9.000 10.500 -  1  2  2  3
10.500 12.000 - 11  7  2  1
12.000 13.500 -  6  4  2  8
13.500 15.000 -  7  5  2  9
15.000 16.125 -  0  1  2  2
---
% schub.erlkonig.II
 0.000  9.000 -  0  1  7  7
 9.000 13.500 -  5  4  7  0
13.500 15.000 -  1  2  7  8
15.000 16.500 -  0  1  7  7
16.500 19.687 -  1  2  7  8
19.687 20.625 -  6  4  7  1
20.625 21.000 -  7  5  7  2
21.000 21.375 -  0  1  7  7
---
% schub.flusse
 0.000  0.667 -  7  5  4 11
 0.667  3.334 -  0  1  4  4
 3.334  6.000 -  7  5  4 11
 6.000  8.667 -  0  1  4  4
 8.667 11.334 -  7  5  4 11
---
 8.667 11.334 -  8  6  3 11
11.334 16.667 -  0  1  3  3
16.667 18.000 -  5  4  3  8
18.000 19.334 -  7  5  3 10
19.334 20.667 -  0  1  3  3
---
% schum.grenadiere
 1.677  2.500 -  6  4  7  1
 2.500  3.334 -  7  5  7  2
 3.334  4.167 -  2  2  7  9
 4.167  7.500 -  7  5  7  2
 7.500  9.167 -  0  1  7  7
---
30.834 34.167 -  8  6  7  3
34.167 37.500 -  2  2  7  9
37.500 40.834 -  7  5  7  2
40.834 44.167 - -1 -1  7 -1
44.167 47.500 -  7  5  7  2
47.500 48.334 -  0  1  7  7
---
% schum.sehnsucht
 0.166  1.166 -  0  1  2  2
 1.166  2.166 - 10  7  2  0
 2.166  3.166 -  3  3  2  5
 3.166  4.166 -  8  6  2 10
 4.166  5.166 - -1 -1  2 -1
 5.166  7.166 -  7  5  2  9
 7.166  8.166 -  0  1  2  2
---
% schum.tragodie
 9.600 12.000 -  5  4  1  6
12.000 13.199 -  0  1  1  1
13.199 14.399 -  7  5  1  8
14.399 15.600 -  0  1  1  1
15.600 16.200 -  7  5  1  8
16.200 16.799 -  0  1  1  1
---
% schum.wennich
23.333 25.555 -  8  6  4  0
25.555 26.666 -  5  4  4  9
26.666 30.833 -  7  5  4 11
30.833 32.222 -  0  1  4  4
32.222 33.333 -  5  4  4  9
33.333 37.499 -  7  5  4 11
37.499 39.999 -  0  1  4  4
---
